"","geo_code","geo_label","All","light_rail","train","bus","taxi","motorbike","Car","car_passenger","Bicycle","foot","other","govtarget_slc","govtarget_sic","govtarget_slw","govtarget_siw","govtarget_sld","govtarget_sid","gendereq_slc","gendereq_sic","gendereq_slw","gendereq_siw","gendereq_sld","gendereq_sid","dutch_slc","dutch_sic","dutch_slw","dutch_siw","dutch_sld","dutch_sid","ebike_slc","ebike_sic","ebike_slw","ebike_siw","ebike_sld","ebike_sid","base_sldeath_webtag","base_slvalue_webtag","govtarget_sldeath_webtag","govtarget_slvalue_webtag","govtarget_sideath_webtag","govtarget_sivalue_webtag","gendereq_sldeath_webtag","gendereq_slvalue_webtag","gendereq_sideath_webtag","gendereq_sivalue_webtag","dutch_sldeath_webtag","dutch_slvalue_webtag","dutch_sideath_webtag","dutch_sivalue_webtag","ebike_sldeath_webtag","ebike_slvalue_webtag","ebike_sideath_webtag","ebike_sivalue_webtag","base_sldeath_heat","base_slvalue_heat","govtarget_sldeath_heat","govtarget_slvalue_heat","govtarget_sideath_heat","govtarget_sivalue_heat","gendereq_sldeath_heat","gendereq_slvalue_heat","gendereq_sideath_heat","gendereq_sivalue_heat","dutch_sldeath_heat","dutch_slvalue_heat","dutch_sideath_heat","dutch_sivalue_heat","ebike_sldeath_heat","ebike_slvalue_heat","ebike_sideath_heat","ebike_sivalue_heat","base_slco2","govtarget_slco2","govtarget_sico2","gendereq_slco2","gendereq_sico2","dutch_slco2","dutch_sico2","ebike_slco2","ebike_sico2","avslope"
"184","E02005531","Broadland 012",2633,2,17,209,14,45,1792,141,210,173,30,323.84698,113.847,162.98399,-10.016,1710.36401,-81.636,311.668,101.668,164.686,-8.314,1726.17297,-65.827,705.18103,495.181,129.98801,-43.012,1431.53503,-360.465,905.80499,695.80499,118.391,-54.609,1283.25,-508.75,-0.07539,139854,-0.11914,220990,-0.04375,81136,-0.10437,193625,-0.02899,53771,-0.22666,420477,-0.15127,280623,-0.22874,424357,-0.15336,284503,-0.04693,87057,-0.07487,138874,-0.02794,51817,-0.06528,121093,-0.01835,34036,-0.14518,269323,-0.09825,182266,-0.14823,274977,-0.1013,187920,-33207,-52930,-19723,-48538,-15331,-114885,-81678,-162213,-129006,0.01281
"186","E02005605","South Norfolk 009",4612,10,41,294,13,41,3655,262,116,157,23,221.92799,105.928,149.742,-7.258,3572.53711,-82.463,182.577,66.577,152.64999,-4.35,3602.427,-52.573,559.151,443.151,122.775,-34.225,3315.04199,-339.95801,953.263,837.263,108.974,-48.026,2998.65991,-656.34003,-0.08596,159470,-0.17707,328476,-0.09111,169006,-0.14956,277460,-0.0636,117990,-0.36845,683559,-0.28249,524089,-0.46949,871010,-0.38353,711540,-0.05226,96953,-0.10899,202163,-0.05672,105210,-0.09008,167112,-0.03782,70159,-0.23427,434594,-0.182,337641,-0.30427,564473,-0.25201,467520,-39979,-80613,-40634,-68916,-28937,-193708,-153729,-369744,-329765,0.01645
"322","E02005530","Broadland 011",2376,1,12,190,9,46,1598,105,181,220,14,290.37799,109.378,206.069,-13.931,1522.96399,-75.036,278.66,97.66,209.741,-10.259,1531.55396,-66.446,676.466,495.466,152.03999,-67.96,1263.56396,-334.436,842.04401,661.04401,140.8,-79.2,1140.10498,-457.89499,-0.06575,121967,-0.10259,190301,-0.03685,68334,-0.0948,175863,-0.02906,53896,-0.19027,352974,-0.12453,231007,-0.18929,351157,-0.12355,229190,-0.03952,73310,-0.06294,116742,-0.02343,43432,-0.05689,105520,-0.01737,32210,-0.12049,223508,-0.08097,150198,-0.12094,224342,-0.08142,151032,-31277,-48303,-17026,-48586,-17309,-99177,-67900,-140038,-108761,0.01345
"445","E02005507","Breckland 005",4956,4,9,232,13,42,3468,317,209,635,27,381.96799,172.968,589.409,-45.591,3361.56592,-106.434,293.11801,84.118,611.95203,-23.048,3417.88989,-50.11,985.00897,776.00897,411.15701,-223.843,3005.2229,-462.77701,1199.91504,990.91498,390.849,-244.151,2842.24707,-625.75299,-0.07023,130298,-0.13691,253977,-0.06667,123679,-0.1155,214280,-0.04527,83982,-0.20025,371494,-0.13001,241196,-0.27153,503750,-0.2013,373452,-0.03696,68567,-0.07162,132845,-0.03466,64278,-0.0581,107767,-0.02113,39200,-0.11804,218975,-0.08108,150408,-0.1737,322232,-0.13673,253665,-30783,-59776,-28993,-46334,-15551,-112205,-81422,-222588,-191805,0.0069
"527","E02005522","Broadland 003",2245,2,18,75,10,27,1807,106,64,117,19,118.001,54.001,110.954,-6.046,1764.901,-42.099,107.831,43.831,114.653,-2.347,1769.50403,-37.496,277.302,213.302,86.818,-30.182,1647.078,-159.922,442.64999,378.64999,78.961,-38.039,1508.99194,-298.008,-0.05896,109371,-0.10216,189508,-0.04321,80137,-0.09687,179705,-0.03791,70334,-0.1738,322418,-0.11484,213047,-0.21694,402443,-0.15798,293072,-0.03551,65872,-0.06278,116437,-0.02727,50565,-0.05743,106521,-0.02192,40649,-0.11111,206113,-0.0756,140241,-0.14232,264007,-0.10681,198135,-29921,-51707,-21786,-54803,-24882,-101341,-71420,-185760,-155839,0.00995
"529","E02005607","South Norfolk 011",4780,2,60,177,10,45,3872,220,88,278,28,174.34801,86.348,265,-13,3806.24609,-65.754,113.951,25.951,277.01001,-0.99,3849.05591,-22.944,412.43201,324.43201,214.22301,-63.777,3637.09009,-234.91,706.78101,618.78101,192.254,-85.746,3396.04199,-475.95801,-0.07035,130504,-0.14614,271102,-0.0758,140598,-0.11098,205883,-0.04063,75379,-0.22596,419185,-0.15561,288681,-0.35029,649856,-0.27994,519352,-0.03987,73958,-0.08092,150093,-0.04105,76135,-0.06143,113946,-0.02156,39988,-0.13413,248814,-0.09426,174856,-0.22941,425590,-0.18954,351632,-35680,-73433,-37753,-55127,-19447,-138694,-103014,-321275,-285595,NA
"567","E02005580","North Norfolk 011",3174,3,13,38,1,32,2131,198,158,593,7,272.12299,114.123,557.23297,-35.767,2061.7041,-69.296,227.845,69.845,566.80902,-26.191,2092.29712,-38.703,690.37,532.37,426.06799,-166.93201,1807.96106,-323.039,882.505,724.505,378.04501,-214.955,1680.87195,-450.12799,-0.03977,73789,-0.0726,134685,-0.03283,60896,-0.05365,99522,-0.01387,25733,-0.11614,215454,-0.07636,141665,-0.10158,188443,-0.0618,114654,-0.02491,46207,-0.04554,84464,-0.02063,38257,-0.03432,63657,-0.00941,17450,-0.07754,143851,-0.05263,97644,-0.07529,139676,-0.05038,93469,-21619,-38610,-16991,-31216,-9597,-87713,-66094,-139090,-117471,NA
"602","E02005609","South Norfolk 013",2799,2,37,67,4,26,2130,129,81,309,14,151.873,70.873,288.785,-20.215,2085.48804,-44.512,126.278,45.278,292.478,-16.522,2105.06006,-24.94,367.81201,286.81201,213.748,-95.252,1962.44299,-167.55701,529.29303,448.293,191.937,-117.063,1838.12598,-291.87399,-0.0381,70674,-0.07479,138729,-0.03669,68055,-0.05183,96148,-0.01373,25474,-0.11739,217780,-0.0793,147106,-0.14921,276811,-0.11111,206137,-0.02439,45238,-0.0459,85142,-0.02152,39904,-0.0328,60854,-0.00842,15616,-0.07573,140486,-0.05134,95248,-0.10161,188504,-0.07723,143266,-21336,-42137,-20801,-30481,-9145,-85374,-64038,-166182,-144846,0.00689
"639","E02005588","Norwich 005",4741,5,20,553,27,73,2820,359,382,480,22,581.42102,199.42101,448.767,-31.233,2704.15991,-115.84,554.19397,172.194,454.24701,-25.753,2723.10303,-96.897,1203.88904,821.88898,342.629,-137.371,2346.41992,-473.57999,1559.47803,1177.47803,316.44601,-163.554,2115.58691,-704.41302,-0.16237,301235,-0.24295,450702,-0.08058,149467,-0.23528,436487,-0.07291,135252,-0.52399,972134,-0.36162,670899,-0.52278,969886,-0.36041,668651,-0.10109,187534,-0.15285,283549,-0.05176,96015,-0.14567,270242,-0.04459,82708,-0.33788,626833,-0.23679,439299,-0.34253,635462,-0.24144,447928,-66126,-97849,-31723,-96369,-30243,-183771,-117645,-265493,-199367,0.01097
"704","E02005556","King's Lynn and West Norfolk 006",3727,3,26,136,18,28,2592,259,432,223,10,654.66901,222.66901,206.55299,-16.447,2418.76611,-173.23399,618.711,186.711,205.472,-17.528,2450.39697,-141.603,1254.37097,822.37097,161.254,-61.746,1954.45398,-637.54602,1430.60803,998.60797,153.526,-69.474,1810.95398,-781.04602,-0.19549,362692,-0.29416,545736,-0.09867,183044,-0.2546,472346,-0.05911,109654,-0.47383,879083,-0.27834,516391,-0.45763,849025,-0.26214,486333,-0.123,228192,-0.18459,342443,-0.06159,114251,-0.16117,298997,-0.03817,70805,-0.3019,560093,-0.1789,331901,-0.29448,546338,-0.17148,318146,-74185,-110800,-36615,-103551,-29366,-194075,-119890,-245318,-171133,0.0054
"739","E02003744","Fenland 003",5478,8,31,135,27,32,3271,534,343,1074,23,647.42401,304.42401,991.125,-82.875,3094.28589,-176.714,464.116,121.116,1038.59998,-35.4,3202.28198,-68.718,1773.14697,1430.14697,673.94897,-400.05099,2450.76294,-820.237,1897.17395,1554.17395,663.45599,-410.54401,2359.70801,-911.29199,-0.093,172531,-0.17317,321261,-0.08017,148730,-0.11751,218012,-0.02452,45481,-0.31571,585718,-0.22271,413187,-0.27527,510695,-0.18228,338164,-0.05824,108054,-0.10786,200087,-0.04961,92033,-0.07473,138638,-0.01649,30584,-0.20862,387037,-0.15038,278983,-0.19706,365594,-0.13882,257540,-34915,-64916,-30001,-45038,-10123,-141731,-106816,-198250,-163335,0.00146
"756","E02005536","Broadland 017",2530,22,89,137,5,28,1861,151,73,141,23,136.726,63.726,134.32899,-6.671,1814.56201,-46.438,120.224,47.224,138.67999,-2.32,1825.62195,-35.378,345.186,272.186,104.806,-36.194,1666.97595,-194.024,535.198,462.198,94.957,-46.043,1523.68005,-337.32001,-0.04281,79418,-0.08952,166052,-0.04671,86634,-0.08162,151421,-0.03881,72003,-0.17251,320018,-0.1297,240600,-0.22259,412935,-0.17978,333517,-0.02648,49127,-0.05437,100835,-0.02789,51708,-0.048,89040,-0.02152,39913,-0.1082,200713,-0.08172,151586,-0.14511,269194,-0.11863,220067,-18763,-39868,-21105,-41246,-22483,-91100,-72337,-176659,-157896,0.01089
"774","E02005503","Breckland 001",2999,3,12,65,9,27,2248,160,88,369,18,166.388,78.388,342.79999,-26.2,2203.01904,-44.981,108.812,20.812,365.82001,-3.18,2232.67896,-15.321,406.30099,318.30099,251.34801,-117.652,2076.53101,-171.468,588.91498,500.91501,227.761,-141.239,1936.33496,-311.66501,-0.02455,45554,-0.0723,134108,-0.04774,88554,-0.05102,94660,-0.02647,49106,-0.12655,234768,-0.102,189214,-0.18201,337660,-0.15745,292106,-0.01406,26074,-0.03883,72012,-0.02477,45938,-0.02793,51810,-0.01387,25736,-0.07653,141955,-0.06247,115881,-0.12056,223643,-0.1065,197569,-15181,-38486,-23305,-24890,-9709,-85111,-69930,-187306,-172125,0.01049
"775","E02005509","Breckland 007",2581,2,7,48,4,19,1791,187,63,445,15,129.362,66.362,420.694,-24.306,1754.78894,-36.211,77.05,14.05,441.905,-3.095,1781.70801,-9.292,363.961,300.961,321.55099,-123.449,1638.35901,-152.64101,520.97101,457.97101,282.38599,-162.614,1536.448,-254.552,-0.02668,49494,-0.05481,101670,-0.02813,52176,-0.0485,89967,-0.02182,40473,-0.07211,133778,-0.04543,84284,-0.08552,158653,-0.05884,109159,-0.01427,26460,-0.02896,53703,-0.01469,27243,-0.0238,44149,-0.00954,17689,-0.04455,82632,-0.03028,56172,-0.06175,114540,-0.04748,88080,-14766,-31248,-16482,-22965,-8199,-65361,-50595,-132942,-118176,0.01026
"777","E02005511","Breckland 009",2855,0,12,65,9,30,1987,218,104,419,11,205.683,101.683,389.72101,-29.279,1927.00403,-59.996,143.597,39.597,407.19199,-11.808,1964.06494,-22.935,555.11298,451.11301,281.65302,-137.347,1728.41101,-258.58899,692.89203,588.89203,261.00699,-157.993,1628.922,-358.078,-0.03826,70974,-0.07647,141857,-0.03821,70883,-0.05575,103420,-0.01749,32446,-0.13299,246719,-0.09473,175745,-0.1416,262703,-0.10335,191729,-0.02482,46042,-0.04747,88046,-0.02265,42004,-0.03641,67547,-0.01159,21505,-0.08656,160587,-0.06175,114545,-0.09993,185384,-0.07511,139342,-19923,-38975,-19052,-27648,-7725,-84739,-64816,-142613,-122690,0.00595
"821","E02005606","South Norfolk 010",2258,2,16,41,6,32,1888,119,54,63,37,102.838,48.838,60.176,-2.824,1846.66602,-41.334,68.023,14.023,62.669,-0.331,1876.09302,-11.907,254.17,200.17,48.618,-14.382,1720.73206,-167.26801,391.995,337.995,45.249,-17.751,1600.12695,-287.87299,-0.04759,88293,-0.09014,167195,-0.04254,78902,-0.06976,129415,-0.02217,41122,-0.15385,285413,-0.10626,197120,-0.20257,375804,-0.15498,287511,-0.02749,51003,-0.05122,95001,-0.02373,43998,-0.03876,71900,-0.01127,20897,-0.0925,171594,-0.06501,120591,-0.12854,238442,-0.10104,187439,-21984,-42150,-20166,-31735,-9751,-84961,-62977,-166052,-144068,0.00923
"857","E02005545","Great Yarmouth 008",2908,1,8,73,12,21,2142,207,166,194,84,332.422,166.422,179.825,-14.175,2011.901,-130.10001,269.379,103.379,184.30701,-9.693,2063.36206,-78.638,956.375,790.375,125.477,-68.523,1524.16504,-617.83502,1073.44104,907.44098,120.206,-73.794,1428.60596,-713.39398,-0.07642,141782,-0.16562,307253,-0.0892,165471,-0.11577,214773,-0.03934,72991,-0.41633,772406,-0.33991,630624,-0.36389,675106,-0.28746,533324,-0.04871,90367,-0.10524,195227,-0.05653,104860,-0.07407,137415,-0.02536,47048,-0.26768,496608,-0.21897,406241,-0.23598,437800,-0.18727,347433,-20903,-45485,-24582,-34506,-13603,-131643,-110740,-162341,-141438,0.00605
"870","E02005513","Breckland 011",3986,4,100,69,11,34,2807,228,142,567,24,284.841,142.841,527.34998,-39.65,2717.65894,-89.341,185.55,43.55,553.11102,-13.889,2781.65991,-25.34,761.29901,619.29901,381.84399,-185.15601,2430.20703,-376.793,997.71899,855.71899,350.39301,-216.60699,2252.72607,-554.27399,-0.0418,77555,-0.10885,201924,-0.06705,124369,-0.06477,120152,-0.02296,42597,-0.2098,389209,-0.16799,311654,-0.239,443390,-0.19719,365835,-0.02726,50571,-0.06599,122413,-0.03873,71842,-0.04001,74217,-0.01275,23646,-0.13464,249767,-0.10738,199196,-0.16772,311138,-0.14046,260567,-23026,-55702,-32676,-32816,-9790,-137189,-114163,-246007,-222981,0.00758
"906","E02005538","Great Yarmouth 001",3394,7,27,101,5,45,2644,184,73,224,84,178.064,105.064,210.435,-13.565,2565.16797,-78.831,112.271,39.271,219.356,-4.644,2613.67212,-30.328,554.31,481.31,154.638,-69.362,2290.72998,-353.26999,764.13202,691.13202,143.802,-80.198,2117.5791,-526.42102,-0.06793,126028,-0.18332,340092,-0.11539,214064,-0.10743,199303,-0.0395,73275,-0.43085,799337,-0.36292,673309,-0.46687,866179,-0.39894,740151,-0.04321,80159,-0.11473,212848,-0.07153,132689,-0.06689,124099,-0.02369,43940,-0.27767,515140,-0.23446,434981,-0.30818,571758,-0.26497,491599,-19528,-52062,-32534,-33881,-14353,-145337,-125809,-242375,-222847,0.00722
"1096","E02005572","North Norfolk 003",2675,5,67,109,20,20,1452,145,76,758,23,154.304,78.304,722.44,-35.56,1418.552,-33.448,123.913,47.913,734.39502,-23.605,1433.21399,-18.786,532.28802,456.28799,537.38397,-220.616,1267.64294,-184.35699,720.289,644.289,470.396,-287.604,1172.479,-279.521,-0.03244,60186,-0.05095,94517,-0.01851,34331,-0.03846,71348,-0.00602,11162,-0.06997,129809,-0.03753,69623,-0.05407,100313,-0.02163,40127,-0.01868,34661,-0.03092,57363,-0.01224,22702,-0.02276,42227,-0.00408,7566,-0.04735,87843,-0.02867,53182,-0.04096,75982,-0.02227,41321,-12947,-22077,-9130,-17187,-4240,-52350,-39403,-86293,-73346,0.01979
"1115","E02005504","Breckland 002",3222,6,28,48,10,38,2725,171,43,126,27,93.609,50.609,121.009,-4.991,2684.23291,-40.767,59.176,16.176,125.57,-0.43,2710.72095,-14.279,241.78999,198.78999,101.27,-24.73,2570.12402,-154.87601,407.035,364.035,93.219,-32.781,2428.86011,-296.14001,-0.03827,71003,-0.0896,166217,-0.05133,95214,-0.06563,121752,-0.02735,50749,-0.15833,293741,-0.12006,222738,-0.22714,421392,-0.18886,350389,-0.02209,40970,-0.05098,94560,-0.02889,53590,-0.03941,73104,-0.01732,32134,-0.09704,180029,-0.07496,139059,-0.14544,269817,-0.12335,228847,-16767,-39068,-22301,-26803,-10036,-84281,-67514,-182755,-165988,0.01058
"1164","E02005567","King's Lynn and West Norfolk 017",3663,6,233,28,6,18,2667,180,86,429,10,191.27699,105.277,400.15201,-28.848,2600.229,-66.771,133.698,47.698,408.77899,-20.221,2643.13501,-23.865,548.65601,462.65601,285.85501,-143.145,2387.81689,-279.18301,755.086,669.086,260.431,-168.569,2228.60889,-438.39099,-0.04151,77010,-0.1096,203314,-0.06809,126304,-0.04727,87687,-0.00576,10677,-0.20809,386044,-0.16657,309034,-0.25404,471299,-0.21253,394289,-0.02412,44739,-0.06187,114774,-0.03776,70035,-0.02766,51303,-0.00354,6564,-0.12785,237176,-0.10373,192437,-0.17238,319795,-0.14826,275056,-18935,-48402,-29467,-24816,-5881,-116523,-97588,-220947,-202012,0.00957
"1254","E02005604","South Norfolk 008",3246,4,42,142,3,36,2511,160,93,222,33,156.211,63.211,210.177,-11.823,2466.51611,-44.484,140.66499,47.665,214.319,-7.681,2477.3811,-33.619,315.638,222.638,168.621,-53.379,2363.69604,-147.304,529.59698,436.59698,151.42101,-70.579,2194.29712,-316.703,-0.06603,122497,-0.11517,213639,-0.04914,91142,-0.11438,212194,-0.04835,89697,-0.15796,293016,-0.09193,170519,-0.24819,460436,-0.18216,337939,-0.03806,70597,-0.06582,122083,-0.02777,51486,-0.06498,120550,-0.02693,49953,-0.09614,178334,-0.05809,107737,-0.16021,297190,-0.12215,226593,-31886,-55999,-24113,-53827,-21941,-92608,-60722,-214385,-182499,0.0133
"1287","E02005583","North Norfolk 014",2781,7,47,50,13,28,2205,132,96,170,33,181.033,85.033,158.028,-11.972,2141.39502,-63.605,130.702,34.702,166.565,-3.435,2177.56592,-27.434,413.60101,317.60101,118.236,-51.764,1975.08398,-229.916,545.38098,449.38101,110.893,-59.107,1864.17896,-340.82101,-0.09577,177676,-0.16896,313447,-0.07319,135771,-0.13826,256496,-0.04249,78820,-0.21561,399997,-0.11984,222321,-0.2635,488841,-0.16773,311165,-0.04887,90661,-0.08691,161223,-0.03804,70562,-0.06977,129421,-0.0209,38760,-0.12236,226996,-0.07349,136335,-0.15941,295718,-0.11054,205057,-34348,-60974,-26626,-51016,-16668,-102137,-67789,-184440,-150092,NA
"1367","E02005603","South Norfolk 007",3949,2,78,245,11,57,2871,190,170,306,19,300.647,130.647,283.06799,-22.932,2780.43604,-90.564,255.08099,85.081,288.077,-17.923,2814.88403,-56.116,714.66498,544.66498,203.242,-102.758,2498.26904,-372.73099,961.27002,791.27002,192.41901,-113.581,2306.94702,-564.05298,-0.06786,125894,-0.13755,255158,-0.06969,129264,-0.10736,199167,-0.0395,73273,-0.26791,497022,-0.20005,371128,-0.325,602943,-0.25714,477049,-0.04175,77444,-0.0849,157488,-0.04316,80044,-0.06517,120899,-0.02343,43455,-0.17062,316520,-0.12888,239076,-0.21351,396095,-0.17177,318651,-32634,-64101,-31467,-50647,-18013,-145047,-112413,-257948,-225314,0.00704
"1691","E02005596","Norwich 013",3869,3,30,242,25,67,1941,246,312,981,22,470.33899,158.339,923.76099,-57.239,1865.396,-75.604,430.31601,118.316,944.42603,-36.574,1881.11804,-59.882,1012.828,700.828,699.46802,-281.53201,1625.20605,-315.79401,1304.375,992.375,624.73901,-356.26099,1462.98999,-478.01001,-0.08961,166237,-0.12496,231796,-0.03535,65559,-0.12241,227086,-0.0328,60849,-0.21579,400329,-0.12618,234092,-0.19126,354820,-0.10166,188583,-0.05839,108321,-0.08219,152435,-0.02379,44114,-0.08082,149918,-0.02243,41597,-0.1479,274369,-0.08951,166048,-0.14022,260122,-0.08183,151801,-44559,-64021,-19462,-62193,-17634,-114113,-69554,-170566,-126007,0.01598
"1701","E02005554","King's Lynn and West Norfolk 004",2495,4,27,57,4,17,2025,136,72,130,23,124.83,52.83,123.664,-6.336,1984.13904,-40.861,101.86,29.86,126.58,-3.42,2001.62402,-23.376,271.72699,199.72701,104.2,-25.8,1872.91199,-152.08701,441.79501,369.79501,94.544,-35.456,1731.13599,-293.86401,-0.04101,76073,-0.09306,172648,-0.05206,96575,-0.06394,118619,-0.02293,42546,-0.18403,341428,-0.14303,265355,-0.25381,470887,-0.21281,394814,-0.0258,47860,-0.05697,105685,-0.03117,57825,-0.03987,73962,-0.01407,26102,-0.11682,216720,-0.09102,168860,-0.16687,309587,-0.14107,261727,-17335,-37670,-20335,-29140,-11805,-85297,-67962,-176132,-158797,0.01271
"1735","E02005532","Broadland 013",3060,2,12,221,16,60,2098,212,189,235,15,308.31699,119.317,222.41901,-12.581,2013.39404,-84.606,279.72501,90.725,223.39301,-11.607,2037.75098,-60.249,756.46899,567.46899,171.86,-63.14,1699.95398,-398.04599,1003.64301,814.64301,158.314,-76.686,1520.521,-577.479,-0.06264,116211,-0.10838,201045,-0.04574,84834,-0.08624,159988,-0.0236,43777,-0.2285,423898,-0.16585,307687,-0.24352,451767,-0.18087,335556,-0.04047,75082,-0.06941,128747,-0.02894,53665,-0.05575,103407,-0.01527,28325,-0.14742,273484,-0.10695,198402,-0.15919,295308,-0.11871,220226,-28229,-49145,-20916,-41552,-13323,-117636,-89407,-178379,-150150,0.01466
"1747","E02005526","Broadland 007",2508,4,11,169,9,38,1913,150,80,121,13,159.854,79.854,115.135,-5.865,1851.51196,-61.488,130.24699,50.247,117.882,-3.118,1873.08496,-39.915,446.50699,366.50699,86.698,-34.302,1636.65601,-276.34399,649.96002,569.96002,79.978,-41.022,1475.83899,-437.16101,-0.05309,98487,-0.10539,195488,-0.0523,97001,-0.08102,150290,-0.02793,51803,-0.22948,425712,-0.17639,327225,-0.25479,472668,-0.2017,374181,-0.03256,60393,-0.06551,121505,-0.03295,61112,-0.05011,92947,-0.01755,32554,-0.14642,271611,-0.11386,211218,-0.16496,306007,-0.1324,245614,-24285,-48190,-23905,-41178,-16893,-121317,-97032,-199459,-175174,0.01173
"1779","E02005515","Breckland 013",2674,1,50,32,5,27,2174,129,71,168,17,138.968,67.968,158.67799,-9.322,2121.0061,-52.994,103.789,32.789,164.336,-3.664,2149.14795,-24.852,349.46301,278.46301,123.825,-44.175,1961.25696,-212.743,496.617,425.617,113.142,-54.858,1837.35901,-336.64099,-0.06133,113779,-0.11332,210213,-0.05199,96434,-0.10562,195950,-0.04429,82171,-0.17979,333534,-0.11846,219755,-0.21628,401253,-0.15495,287474,-0.03393,62951,-0.063,116853,-0.02906,53902,-0.05557,103087,-0.02164,40136,-0.10904,202282,-0.07511,139331,-0.13677,253721,-0.10283,190770,-27060,-50628,-23568,-41926,-14866,-99518,-72458,-179119,-152059,0.01305
"1795","E02005524","Broadland 005",2562,2,11,170,3,51,1975,134,103,94,19,191.974,88.974,88.844,-5.156,1905.51904,-69.481,170.133,67.133,90.33,-3.67,1926.18201,-48.818,504.30801,401.30801,65.779,-28.221,1663.90796,-311.09201,726.75598,623.75598,60.113,-33.887,1485.58997,-489.41,-0.06056,112353,-0.11588,214954,-0.05531,102601,-0.09338,173228,-0.03282,60875,-0.25439,471945,-0.19383,359592,-0.27103,502810,-0.21047,390457,-0.03855,71518,-0.07354,136405,-0.03499,64887,-0.05935,110086,-0.02079,38568,-0.16348,303273,-0.12493,231755,-0.17583,326185,-0.13728,254667,-26963,-52324,-25361,-45049,-18086,-134314,-107351,-212008,-185045,0.01149
"1825","E02005600","South Norfolk 004",2304,5,27,82,5,29,1846,122,55,120,13,103.949,48.949,113.902,-6.098,1807.75598,-38.244,81.79,26.79,119.414,-0.586,1822.07996,-23.92,244.131,189.131,91.208,-28.792,1701.59094,-144.409,390.957,335.957,83.984,-36.016,1579.42395,-266.57599,-0.04342,80541,-0.08404,155891,-0.04063,75350,-0.09144,169626,-0.04802,89085,-0.13778,255582,-0.09436,175041,-0.19257,357240,-0.14915,276699,-0.02294,42557,-0.04565,84662,-0.02271,42105,-0.04539,84201,-0.02245,41644,-0.08166,151476,-0.05872,108919,-0.12141,225216,-0.09847,182659,-21195,-40525,-19330,-43617,-22422,-78809,-57614,-161784,-140589,0.01208
"1937","E02005549","Great Yarmouth 012",2470,4,13,82,7,38,1950,134,66,99,77,180.645,114.645,92.477,-6.523,1856.31396,-93.686,117.317,51.317,95.717,-3.283,1908.10596,-41.894,621.32202,555.32202,64.41,-34.59,1498.69202,-451.30801,772.06201,706.06201,61.004,-37.996,1371.51501,-578.48499,-0.05253,97456,-0.15925,295444,-0.10672,197988,-0.08317,154305,-0.03064,56849,-0.46287,858752,-0.41034,761296,-0.42058,780279,-0.36805,682823,-0.03401,63092,-0.10211,189426,-0.0681,126334,-0.05384,99878,-0.01983,36786,-0.29937,555407,-0.26536,492315,-0.27474,509699,-0.24073,446607,-13957,-42913,-28956,-24690,-10733,-147263,-133306,-201182,-187225,0.00806
"1987","E02005594","Norwich 011",4938,11,88,461,16,32,1862,159,491,1795,23,678.85498,187.855,1705.32104,-89.679,1795.04895,-66.951,616.25598,125.256,1745.52295,-49.477,1812.24695,-49.753,1279.01794,788.01801,1341.94104,-453.05899,1625.448,-236.552,1656.70801,1165.70801,1188.39502,-606.60498,1469.5,-392.5,-0.10153,188353,-0.13392,248434,-0.0324,60081,-0.13121,243426,-0.02969,55073,-0.16803,311711,-0.0665,123358,-0.14902,276460,-0.0475,88107,-0.06951,128956,-0.0913,169352,-0.02179,40396,-0.08983,166648,-0.02032,37692,-0.12043,223410,-0.05092,94454,-0.11707,217171,-0.04756,88215,-48536,-66134,-17598,-62827,-14291,-99935,-51399,-154294,-105758,0.0163
"2058","E02005570","North Norfolk 001",2347,3,53,78,15,12,1469,148,63,487,19,128.901,65.901,463.31,-23.69,1434.34998,-34.65,98.374,35.374,471.026,-15.974,1453.078,-15.922,419.16501,356.16501,347.84299,-139.157,1290.78894,-178.211,597.315,534.315,303.24701,-183.75301,1181.39697,-287.603,-0.02839,52673,-0.0553,102590,-0.02691,49917,-0.03391,62907,-0.00552,10234,-0.09858,182894,-0.07019,130221,-0.09415,174675,-0.06576,122002,-0.0179,33213,-0.03487,64693,-0.01697,31480,-0.02194,40701,-0.00404,7488,-0.066,122444,-0.0481,89231,-0.06705,124393,-0.04915,91180,-11371,-22640,-11269,-15194,-3823,-60895,-49524,-104956,-93585,0.01764
"2091","E02005579","North Norfolk 010",4892,3,122,89,26,55,3316,263,213,768,37,362.29099,149.291,722.638,-45.362,3227.24805,-88.752,319.47601,106.476,728.70001,-39.3,3258.73608,-57.264,867.922,654.922,553.448,-214.552,2939.48706,-376.513,1188.21997,975.21997,494.194,-273.806,2717.1731,-598.82703,-0.06365,118075,-0.14696,272632,-0.08332,154557,-0.09131,169388,-0.02766,51313,-0.22604,419338,-0.16239,301263,-0.27418,508667,-0.21054,390592,-0.03773,69995,-0.08357,155013,-0.04584,85018,-0.05459,101264,-0.01686,31269,-0.14023,260135,-0.1025,190140,-0.18818,349112,-0.15045,279117,-30357,-62792,-32435,-45353,-14996,-136332,-105975,-261169,-230812,0.01491
"2109","E02005520","Broadland 001",2899,7,12,96,4,29,2131,131,149,316,24,228.55701,79.557,294.94299,-21.057,2078.69189,-52.308,193.041,44.041,304.12601,-11.874,2102.70605,-28.294,420.57901,271.57901,238.129,-77.871,1956.22998,-174.77,607.78101,458.78101,213.567,-102.433,1812.00598,-318.99399,-0.05493,101912,-0.09537,176919,-0.04044,75007,-0.07414,137535,-0.0192,35623,-0.13786,255751,-0.08293,153839,-0.18693,346786,-0.132,244874,-0.0304,56397,-0.05315,98576,-0.02275,42179,-0.04033,74805,-0.00992,18408,-0.08295,153863,-0.05255,97466,-0.12163,225624,-0.09123,169227,-33732,-57072,-23340,-47370,-13638,-98017,-64285,-192536,-158804,0.01099
"2300","E02005506","Breckland 004",2814,2,13,83,5,32,2243,165,83,175,13,162.287,79.287,163.89101,-11.109,2182.76001,-60.24,120.867,37.867,169.312,-5.688,2214.46411,-28.536,407.67099,324.67099,125.232,-49.768,1999.18896,-243.811,559.39502,476.39499,114.943,-60.057,1875.54504,-367.45499,-0.03879,71966,-0.09094,168698,-0.05215,96732,-0.05568,103293,-0.01689,31327,-0.17218,319436,-0.13339,247470,-0.21282,394826,-0.17403,322860,-0.02319,43012,-0.05209,96619,-0.0289,53607,-0.03398,63025,-0.01079,20013,-0.1062,197016,-0.08302,154004,-0.13771,255464,-0.11452,212452,-17616,-40508,-22892,-24707,-7091,-94038,-76422,-171860,-154244,0.00733
"2354","E02005555","King's Lynn and West Norfolk 005",3041,7,41,64,0,21,2452,179,148,122,7,298.33499,150.33501,113.671,-8.329,2325.03101,-126.968,231.481,83.481,118.408,-3.592,2380.6001,-71.4,826.26801,678.26801,81.226,-40.774,1882.41199,-569.58801,1015.38397,867.38397,76.859,-45.141,1717.29297,-734.70697,-0.0908,168448,-0.18826,349260,-0.09746,180812,-0.13478,250042,-0.04398,81594,-0.43106,799742,-0.34027,631294,-0.40755,756111,-0.31675,587663,-0.05764,106940,-0.11809,219075,-0.06045,112135,-0.08603,159606,-0.02839,52666,-0.27546,511047,-0.21782,404107,-0.26393,489651,-0.20628,382711,-34669,-71896,-37227,-56773,-22104,-188281,-153612,-257518,-222849,0.00562
"2366","E02005564","King's Lynn and West Norfolk 014",4643,5,57,82,11,34,3158,207,410,662,17,575.24597,165.246,613.245,-48.755,3054.74805,-103.252,518.88702,108.887,631.16803,-30.832,3088.95508,-69.045,948.50299,538.50299,509.29099,-152.709,2815.91504,-342.08499,1297.85095,887.85101,449.375,-212.625,2558.09302,-599.90698,-0.09711,180170,-0.17104,317322,-0.07393,137152,-0.1359,252136,-0.03879,71966,-0.29713,551246,-0.20001,371076,-0.34525,640534,-0.24814,460364,-0.06783,125848,-0.11513,213580,-0.04729,87732,-0.09372,173876,-0.02589,48028,-0.19991,370880,-0.13208,245032,-0.2381,441724,-0.17026,315876,-58704,-94361,-35657,-82581,-23877,-175773,-117069,-302131,-243427,NA
"2381","E02005590","Norwich 007",4357,13,76,383,34,33,1534,170,401,1674,39,552.01202,151.01199,1607.26196,-66.738,1477.37805,-56.622,539.77698,138.77699,1612.43005,-61.57,1485.20605,-48.794,1075.90601,674.90601,1292.01501,-381.98499,1326.08997,-207.91,1412.54395,1011.54401,1148.34595,-525.65399,1197.521,-336.479,-0.09859,182902,-0.12703,235654,-0.02844,52752,-0.1215,225405,-0.02291,42503,-0.15896,294894,-0.06037,111992,-0.14913,276643,-0.05054,93741,-0.0664,123175,-0.08511,157881,-0.01872,34706,-0.08152,151221,-0.01512,28046,-0.10951,203136,-0.04311,79961,-0.11201,207785,-0.04562,84610,-39493,-52963,-13470,-50436,-10943,-77834,-38341,-117270,-77777,0.01805
"2433","E02005534","Broadland 015",3161,3,29,186,8,47,2204,201,218,245,20,337.32501,119.325,232.78101,-12.219,2117.89111,-86.109,399.51901,181.519,221.86501,-23.135,2078.94604,-125.054,739.297,521.297,186.89999,-58.1,1832.65295,-371.34698,998.85699,780.85699,166.504,-78.496,1640.15198,-563.84802,-0.09214,170925,-0.14185,263132,-0.04971,92207,-0.14765,273908,-0.05551,102983,-0.25405,471299,-0.16191,300374,-0.26563,492785,-0.17349,321860,-0.05712,105954,-0.08864,164421,-0.03153,58467,-0.09242,171436,-0.0353,65482,-0.16225,300984,-0.10513,195030,-0.17189,318871,-0.11477,212917,-44057,-67660,-23603,-77933,-33876,-135093,-91036,-199901,-155844,0.01582
"2443","E02005565","King's Lynn and West Norfolk 015",2981,7,103,61,3,24,2440,187,44,96,16,136.188,92.188,90.803,-5.197,2365.48804,-74.512,65.204,21.204,95.817,-0.183,2422.15796,-17.842,439.40201,395.40201,72.26,-23.74,2122.93701,-317.064,641.16199,597.16199,68.002,-27.998,1951.927,-488.073,-0.03766,69875,-0.14058,260801,-0.10291,190926,-0.05792,107454,-0.02026,37579,-0.38675,717533,-0.34909,647658,-0.40076,743521,-0.3631,673646,-0.02424,44959,-0.08875,164638,-0.06451,119679,-0.03738,69335,-0.01314,24376,-0.24826,460577,-0.22402,415618,-0.26239,486798,-0.23815,441839,-14255,-52104,-37849,-23742,-9487,-167734,-153479,-267966,-253711,0.00482
"2520","E02005586","Norwich 003",5389,5,64,314,14,70,2543,302,466,1587,24,688.315,222.315,1493.35596,-93.644,2446.15894,-96.841,665.43903,199.439,1522.27197,-64.728,2438.95093,-104.048,1464.08704,998.08698,1110.81494,-476.185,2151.59204,-391.40799,1871.96899,1405.96899,989.17297,-597.82703,1930.104,-612.896,-0.11321,210025,-0.14923,276839,-0.03603,66814,-0.16522,306515,-0.05201,96490,-0.20582,381836,-0.09261,171811,-0.17887,331829,-0.06566,121804,-0.0743,137832,-0.0982,182158,-0.02391,44326,-0.1077,199798,-0.03341,61966,-0.14381,266776,-0.06951,128944,-0.13684,253858,-0.06255,116026,-59411,-82309,-22898,-88823,-29412,-133970,-74559,-203731,-144320,0.01738
"2592","E02005542","Great Yarmouth 005",2533,2,25,251,18,23,1068,257,125,719,45,267.62701,142.627,661.841,-57.159,1007.65802,-60.342,178.985,53.985,696.84802,-22.152,1045.52905,-22.471,828.95801,703.95801,420.87601,-298.12399,782.48798,-285.51199,873.59198,748.59198,420.77899,-298.22101,751.05298,-316.94699,-0.03076,57072,-0.06436,119382,-0.03359,62310,-0.04161,77195,-0.01085,20123,-0.13581,251957,-0.10505,194885,-0.09294,172408,-0.06217,115336,-0.02088,38740,-0.04314,80007,-0.02225,41267,-0.02812,52159,-0.00724,13419,-0.09466,175608,-0.07378,136868,-0.07106,131822,-0.05018,93082,-9578,-20299,-10721,-13939,-4361,-54389,-44811,-70351,-60773,0.00375
"2593","E02005525","Broadland 006",4818,23,34,360,7,71,3707,246,137,207,26,274.957,137.957,197.075,-9.925,3600.93408,-106.066,237.09399,100.094,200.85001,-6.15,3633.64893,-73.351,779.60303,642.60303,150.617,-56.383,3217.17798,-489.82199,1187.84094,1050.84094,136.496,-70.504,2894.49902,-812.50098,-0.09001,166976,-0.18436,342008,-0.09436,175032,-0.14985,277995,-0.05984,111019,-0.41021,761018,-0.3202,594042,-0.47235,876318,-0.38234,709342,-0.05705,105831,-0.11668,216441,-0.05963,110610,-0.09478,175824,-0.03773,69993,-0.26371,489223,-0.20666,383392,-0.30834,572033,-0.25129,466202,-40726,-83826,-43100,-74592,-33866,-217927,-177201,-375750,-335024,0.01392
"2773","E02005575","North Norfolk 006",2495,9,32,60,12,27,2008,132,62,119,34,104.904,42.904,114.879,-4.121,1974.28198,-33.718,83.081,21.081,117.173,-1.827,1991.21497,-16.785,243.80499,181.80499,97.895,-21.105,1869.27698,-138.72301,411.88199,349.88199,87.678,-31.322,1731.94995,-276.04999,-0.06041,112078,-0.1061,196823,-0.04568,84745,-0.08056,149450,-0.02014,37372,-0.16534,306741,-0.10493,194663,-0.21414,397279,-0.15373,285201,-0.03753,69622,-0.06526,121067,-0.02774,51445,-0.05082,94276,-0.01329,24654,-0.10567,196028,-0.06814,126406,-0.14049,260635,-0.10296,191013,-21068,-36906,-15838,-29186,-8118,-75585,-54517,-149694,-128626,NA
"2782","E02005508","Breckland 006",2666,1,21,90,8,33,2197,147,57,97,15,116.405,59.405,93.021,-3.979,2148.4021,-48.598,88.501,31.501,95.945,-1.055,2170.82397,-26.176,285.34,228.34,79.743,-17.257,2011.854,-185.146,447.96301,390.96301,75.484,-21.516,1872.65503,-324.345,-0.04731,87777,-0.10472,194248,-0.0574,106471,-0.08525,158152,-0.03793,70375,-0.19175,355721,-0.14443,267944,-0.25374,470742,-0.20643,382965,-0.02912,54013,-0.06245,115821,-0.03333,61808,-0.05247,97338,-0.02335,43325,-0.11876,220308,-0.08964,166295,-0.16631,308526,-0.13719,254513,-19854,-43742,-23888,-32935,-13081,-95859,-76005,-192286,-172432,0.01007
"2928","E02006908","Norwich 015",2734,2,67,221,9,19,1260,133,155,854,14,223.077,68.077,830.39398,-23.606,1227.23901,-32.761,215.008,60.008,827.711,-26.289,1234.84802,-25.152,484.621,329.621,721.85602,-132.144,1111.29004,-148.71001,763.85303,608.85303,605.185,-248.815,992.73999,-267.26001,-0.04777,88620,-0.06635,123064,-0.01858,34444,-0.05999,111279,-0.01222,22659,-0.11562,214472,-0.06784,125852,-0.09878,183231,-0.051,94611,-0.03107,57634,-0.04334,80377,-0.01227,22743,-0.03843,71280,-0.00736,13646,-0.07815,144962,-0.04708,87328,-0.07389,137063,-0.04282,79429,-22901,-32293,-9392,-31097,-8196,-58263,-35362,-93096,-70195,NA
"2954","E02005518","Breckland 016",5537,3,62,97,42,30,3781,536,216,753,17,403.078,187.078,710.64398,-42.356,3660.71191,-120.288,327.44699,111.447,726.22101,-26.779,3710.86108,-70.139,1123.72998,907.72998,526.53699,-226.463,3215.48999,-565.51001,1415.91895,1199.91895,484.89801,-268.10199,3008.12988,-772.87,-0.06281,116522,-0.13144,243849,-0.06864,127327,-0.10367,192328,-0.04086,75806,-0.23093,428426,-0.16812,311904,-0.27705,513990,-0.21424,397468,-0.04235,78557,-0.08286,153715,-0.04052,75158,-0.06535,121230,-0.023,42673,-0.15066,279504,-0.10832,200947,-0.20213,374995,-0.15979,296438,-29821,-60568,-30747,-46052,-16231,-131821,-102000,-248392,-218571,0.01229
"3013","E02005593","Norwich 010",2865,4,19,412,24,40,1247,192,330,579,18,452.047,122.047,544.63098,-34.369,1192.65601,-54.344,435.897,105.897,544.62201,-34.378,1201.92004,-45.08,790.09601,460.09601,441.66501,-137.33501,1048.68994,-198.31,988.54999,658.54999,405.422,-173.578,947.68701,-299.31299,-0.09397,174335,-0.12541,232632,-0.03144,58297,-0.1156,214451,-0.02163,40116,-0.21875,405817,-0.12478,231482,-0.21027,390083,-0.1163,215748,-0.05773,107092,-0.07819,145035,-0.02046,37943,-0.07175,133092,-0.01402,26000,-0.14109,261725,-0.08336,154633,-0.1391,258035,-0.08137,150943,-38219,-51317,-13098,-48666,-10447,-82656,-44437,-115355,-77136,0.0128
"3051","E02005589","Norwich 006",4708,5,28,435,23,77,2498,362,510,734,36,705.50403,195.504,689.60199,-44.398,2392.62402,-105.376,698.49103,188.491,688.25201,-45.748,2401.18408,-96.816,1247.16699,737.16699,564.245,-169.755,2105.98389,-392.01599,1620.11206,1110.11206,501.45999,-232.53999,1887.08398,-610.91602,-0.16059,297931,-0.21939,406992,-0.0588,109061,-0.21369,396441,-0.0531,98510,-0.38788,719604,-0.22729,421673,-0.3812,707207,-0.22061,409276,-0.10379,192552,-0.14182,263070,-0.03802,70518,-0.13869,257281,-0.0349,64729,-0.25527,473573,-0.15148,281021,-0.25757,477834,-0.15378,285282,-71794,-98334,-26540,-97084,-25290,-159345,-87551,-229018,-157224,0.01395
"3170","E02005528","Broadland 009",3989,5,30,295,11,71,2709,269,300,269,30,458.07101,158.071,255.047,-13.953,2595.66992,-113.33,449.31201,149.312,259.436,-9.564,2600.76807,-108.232,978.72803,678.72803,199.817,-69.183,2226.21997,-482.78,1293.76697,993.76703,181.77,-87.23,1992.84399,-716.15601,-0.12971,240634,-0.19627,364105,-0.06656,123471,-0.18171,337098,-0.052,96464,-0.3433,636898,-0.21359,396264,-0.36054,668883,-0.23084,428249,-0.08071,149720,-0.12266,227525,-0.04195,77805,-0.1135,210546,-0.03279,60826,-0.21854,405421,-0.13783,255701,-0.23231,430972,-0.15161,281252,-58404,-88352,-29948,-88612,-30208,-173371,-114967,-252571,-194167,0.01349
"3197","E02005553","King's Lynn and West Norfolk 003",2909,10,21,89,3,30,2221,185,108,227,15,188.666,80.666,214.839,-12.161,2163.29297,-57.706,146.32001,38.32,222.45599,-4.544,2192.71509,-28.285,452.414,344.414,167.819,-59.181,1982.73303,-238.267,633.46503,525.46503,151.74699,-75.253,1841.21899,-379.78101,-0.0903,167534,-0.14482,268666,-0.05451,101132,-0.1123,208338,-0.02199,40804,-0.21502,398925,-0.12472,231391,-0.26199,486058,-0.17168,318524,-0.04785,88763,-0.07858,145785,-0.03074,57022,-0.06101,113184,-0.01316,24421,-0.12905,239407,-0.0812,150644,-0.16353,303394,-0.11569,214631,-35309,-56576,-21267,-46540,-11231,-95296,-59987,-173018,-137709,0.01204
"3213","E02005523","Broadland 004",3507,2,19,236,6,46,2831,162,77,104,24,186.056,109.056,97.905,-6.095,2743.55005,-87.45,142.36,65.36,101.958,-2.042,2780.33594,-50.664,574.53198,497.53201,71.367,-32.633,2434.29395,-396.70599,858.39801,781.39801,65.881,-38.119,2201.37891,-629.62097,-0.05914,109707,-0.13852,256957,-0.07938,147250,-0.10342,191847,-0.04428,82140,-0.32741,607411,-0.26827,497704,-0.37019,686779,-0.31105,577072,-0.03584,66472,-0.08556,158697,-0.04972,92225,-0.06248,115884,-0.02664,49412,-0.20854,386869,-0.1727,320397,-0.23873,442881,-0.2029,376409,-27118,-64091,-36973,-52184,-25066,-178820,-151702,-302407,-275289,0.01081
"3330","E02005601","South Norfolk 005",2433,5,45,148,8,21,1707,130,96,257,16,179.23399,83.234,238.117,-18.883,1652.87305,-54.127,139.311,43.311,244.27,-12.73,1680.45105,-26.549,457.513,361.513,166.55701,-90.443,1478.85095,-228.149,601.74701,505.74701,156.666,-100.334,1370.34595,-336.65399,-0.04372,81114,-0.08439,156532,-0.04066,75418,-0.06093,113026,-0.0172,31912,-0.15769,292536,-0.11397,211422,-0.18431,341924,-0.14059,260810,-0.02564,47568,-0.05096,94517,-0.02532,46949,-0.03537,65604,-0.00972,18036,-0.10021,185894,-0.07457,138326,-0.12123,224880,-0.09558,177312,-22598,-41455,-18857,-31393,-8795,-88928,-66330,-152082,-129484,0.0062
"3465","E02005521","Broadland 002",3552,11,20,102,9,56,2837,150,98,243,26,171.983,73.983,229.74001,-13.26,2782.33911,-54.661,132.892,34.892,236.601,-6.399,2812.34302,-24.658,367.814,269.814,182.175,-60.825,2646.3479,-190.65199,587.04102,489.04099,164.494,-78.506,2466.698,-370.302,-0.06881,127653,-0.12282,227840,-0.05401,100187,-0.09093,168678,-0.02211,41025,-0.17244,319895,-0.10363,192242,-0.25641,475680,-0.1876,348027,-0.03629,67324,-0.06529,121100,-0.029,53776,-0.04776,88591,-0.01147,21267,-0.09982,185160,-0.06353,117836,-0.16281,302032,-0.12652,234708,-35359,-63996,-28637,-49518,-14159,-109702,-74343,-238735,-203376,NA
"3505","E02005611","South Norfolk 015",4360,4,155,68,18,41,2777,266,280,728,23,442.715,162.715,676.75201,-51.248,2681.7959,-95.204,369.80701,89.807,690.12097,-37.879,2732.86304,-44.137,967.55103,687.55103,509.742,-218.258,2376.45093,-400.54901,1219.43201,939.43201,459.52802,-268.47198,2203.92993,-573.07001,-0.06739,125032,-0.11447,212366,-0.04708,87334,-0.07521,139530,-0.00782,14498,-0.20288,376396,-0.13549,251364,-0.19166,355577,-0.12427,230545,-0.04117,76385,-0.07032,130444,-0.02914,54059,-0.04714,87448,-0.00596,11063,-0.1315,243948,-0.09032,167563,-0.13012,241385,-0.08894,165000,-42265,-70092,-27827,-50502,-8237,-145435,-103170,-219503,-177238,0.01037
"3508","E02005582","North Norfolk 013",2537,2,15,45,11,30,1976,128,105,193,32,195.49899,90.499,177.548,-15.452,1910,-66,149.868,44.868,183.965,-9.035,1944.47705,-31.523,459.909,354.909,127.991,-65.009,1722.229,-253.771,601.90198,496.90201,117.788,-75.212,1604.51904,-371.48099,-0.06643,123238,-0.13589,252091,-0.06946,128853,-0.08993,166841,-0.0235,43603,-0.21128,391954,-0.14485,268716,-0.23654,438831,-0.17012,315593,-0.03855,71513,-0.078,144687,-0.03945,73174,-0.05258,97549,-0.01403,26036,-0.13013,241397,-0.09158,169884,-0.15345,284665,-0.1149,213152,-25791,-51731,-25940,-36252,-10461,-107611,-81820,-183532,-157741,0.00184
"3557","E02005544","Great Yarmouth 007",2854,0,25,236,24,32,1445,204,171,657,60,339.48199,168.48199,603.97998,-53.02,1359.573,-85.427,246.51199,75.512,633.48297,-23.517,1405.96997,-39.03,990.95801,819.95801,390.33499,-266.66501,1035.60498,-409.39499,1059.81104,888.81097,382.517,-274.483,990.698,-454.302,-0.04993,92619,-0.09341,173274,-0.04348,80655,-0.07283,135114,-0.02291,42495,-0.19671,364936,-0.14678,272317,-0.14842,275346,-0.0985,182727,-0.03217,59684,-0.06072,112627,-0.02854,52943,-0.04656,86359,-0.01438,26675,-0.13229,245407,-0.10011,185723,-0.10528,195299,-0.0731,135615,-14381,-27874,-13493,-22753,-8372,-72032,-57651,-90945,-76564,0.00551
"3581","E02005585","Norwich 002",4486,0,34,330,39,60,2156,265,437,1130,35,649.49799,212.498,1058.39099,-71.609,2053.38892,-102.611,612.35602,175.356,1072.65198,-57.348,2072.88501,-83.115,1363.57703,926.57703,791.07599,-338.92401,1726.74597,-429.254,1648.76099,1211.76099,720.06799,-409.93201,1571.11902,-584.88098,-0.09974,185032,-0.13658,253366,-0.03684,68334,-0.1333,247291,-0.03356,62259,-0.23083,428229,-0.13109,243197,-0.20093,372748,-0.10119,187716,-0.06638,123134,-0.09085,168509,-0.02447,45375,-0.09058,168022,-0.0242,44888,-0.15731,291824,-0.09093,168690,-0.14493,268840,-0.07855,145706,-51367,-71583,-20216,-71709,-20342,-120700,-69333,-168824,-117457,0.01656
"3617","E02005562","King's Lynn and West Norfolk 012",2874,8,26,63,5,15,2405,162,68,97,25,147.52,79.52,92.482,-4.518,2338.16797,-66.832,88.175,20.175,96.507,-0.493,2387.49805,-17.502,395.89899,327.89899,77.434,-19.566,2129.98901,-275.01099,594.92102,526.92102,72.119,-24.881,1958.24695,-446.75299,-0.06108,113312,-0.14308,265439,-0.082,152127,-0.0842,156210,-0.02312,42898,-0.31831,590551,-0.25723,477239,-0.36223,672026,-0.30115,558714,-0.03586,66523,-0.08654,160536,-0.05068,94013,-0.04905,90993,-0.01319,24470,-0.20138,373599,-0.16552,307076,-0.23641,438592,-0.20055,372069,-23957,-55249,-31292,-35496,-11539,-142173,-118216,-243093,-219136,NA
"3630","E02005578","North Norfolk 009",2318,6,17,46,6,21,1830,153,49,179,11,117.626,68.626,170.15199,-8.848,1778.51099,-51.489,68.798,19.798,176.496,-2.504,1814.93799,-15.062,416.082,367.082,130.27299,-48.727,1556.95496,-273.04501,540.17798,491.17801,118.14,-60.86,1458.61804,-371.38199,-0.02186,40549,-0.05464,101364,-0.03279,60815,-0.03361,62359,-0.01176,21810,-0.11307,209769,-0.09121,169220,-0.12526,232376,-0.1034,191827,-0.01334,24744,-0.03284,60918,-0.0195,36174,-0.01954,36247,-0.0062,11503,-0.07221,133967,-0.05887,109223,-0.08292,153825,-0.06958,129081,-8402,-20537,-12135,-13476,-5074,-58962,-50560,-100845,-92443,0.01138
"3810","E02005547","Great Yarmouth 010",3646,4,26,245,22,32,2247,216,211,544,99,374.91199,163.912,511.98599,-32.014,2141.11108,-105.889,304.052,93.052,519.013,-24.987,2192.98706,-54.013,1014.53802,803.53802,375.375,-168.625,1736.13196,-510.86801,1199.35095,988.35101,351.81601,-192.18401,1606.47595,-640.52399,-0.08494,157592,-0.17444,323626,-0.0895,166034,-0.11605,215305,-0.03111,57713,-0.41043,761452,-0.32548,603860,-0.36099,669730,-0.27605,512138,-0.05384,99879,-0.11101,205928,-0.05717,106049,-0.07409,137442,-0.02025,37563,-0.26665,494690,-0.21281,394811,-0.23808,441693,-0.18424,341814,-23298,-47181,-23883,-34145,-10847,-128965,-105667,-170929,-147631,0.00817
"3832","E02005519","Breckland 017",3364,3,19,104,25,29,2015,336,126,696,11,240.78999,114.79,656.83899,-39.161,1955.47595,-59.524,179.26601,53.266,674.78198,-21.218,1990.35803,-24.642,732.15601,606.15601,473.14301,-222.85699,1712.47095,-302.52899,926.87799,800.87799,429.41501,-266.58499,1595.66394,-419.336,-0.03479,64547,-0.0677,125578,-0.0329,61031,-0.05251,97411,-0.01771,32864,-0.10563,195961,-0.07084,131414,-0.12616,234044,-0.09137,169497,-0.0219,40632,-0.04073,75557,-0.01883,34925,-0.03298,61188,-0.01108,20556,-0.06767,125537,-0.04577,84905,-0.09025,167430,-0.06835,126798,-15811,-30627,-14816,-22475,-6664,-64897,-49086,-122988,-107177,0.01241
"3880","E02005557","King's Lynn and West Norfolk 007",2352,1,21,65,17,23,1242,314,267,388,14,396.996,129.996,356.896,-31.104,1168.75195,-73.248,342.10999,75.11,371.91199,-16.088,1197.53601,-44.465,773.19397,506.194,269.10101,-118.899,958.55499,-283.44501,850.08301,583.08301,255.907,-132.093,912.47498,-329.52499,-0.08355,155008,-0.1142,211856,-0.03065,56848,-0.10899,202185,-0.02543,47177,-0.16519,306453,-0.08163,151445,-0.14048,260617,-0.05692,105609,-0.05003,92809,-0.06958,129071,-0.01955,36262,-0.06436,119403,-0.01434,26594,-0.10544,195610,-0.05541,102801,-0.09282,172183,-0.04279,79374,-34543,-47105,-12562,-47656,-13113,-74811,-40268,-89029,-54486,0.00464
"3934","E02005592","Norwich 009",4661,14,70,353,12,31,1853,148,725,1428,27,918.42999,193.42999,1341.19397,-86.806,1777.11597,-75.884,971.84601,246.84599,1350.47205,-77.528,1735.23401,-117.766,1326.31995,601.32001,1109.12805,-318.87201,1638.03003,-214.97,1633.56799,908.56799,991.63501,-436.36499,1497.81604,-355.18399,-0.13528,250977,-0.1622,300903,-0.02692,49926,-0.20687,383775,-0.07158,132798,-0.17018,315703,-0.0349,64726,-0.14665,272039,-0.01136,21062,-0.09074,168338,-0.10906,202306,-0.01832,33968,-0.13708,254304,-0.04634,85966,-0.11893,220617,-0.02819,52279,-0.11151,206857,-0.02077,38519,-76273,-94024,-17751,-114382,-38109,-114551,-38278,-156075,-79802,0.01608
"4196","E02005533","Broadland 014",3405,5,79,95,8,47,2788,157,60,130,36,144.664,84.664,122.658,-7.342,2720.65088,-67.349,89.652,29.652,129.222,-0.778,2762.47998,-25.52,427.06601,367.06601,91.364,-38.636,2502.50391,-285.496,664.96698,604.96698,83.7,-46.3,2301.40503,-486.595,-0.04309,79943,-0.1099,203856,-0.06681,123913,-0.06718,124617,-0.02408,44674,-0.22906,424944,-0.18597,345001,-0.30445,564808,-0.26135,484865,-0.02589,48025,-0.06539,121281,-0.0395,73256,-0.04057,75250,-0.01468,27225,-0.1426,264533,-0.11671,216508,-0.19789,367105,-0.172,319080,-21280,-54217,-32937,-36553,-15273,-133737,-112457,-268249,-246969,0.00913
"4258","E02005514","Breckland 012",2692,2,28,39,6,23,2279,138,41,124,12,90.593,49.593,119.258,-4.742,2238.71094,-40.289,56.895,15.895,122.421,-1.579,2265.92603,-13.074,246.8,205.8,100.897,-23.103,2115.53589,-163.464,394.94,353.94,94.325,-29.675,1987.85303,-291.147,-0.03205,59449,-0.07925,147009,-0.0472,87560,-0.0491,91084,-0.01705,31635,-0.15932,295567,-0.12727,236118,-0.20671,383499,-0.17467,324050,-0.01959,36347,-0.04715,87467,-0.02756,51120,-0.03006,55762,-0.01047,19415,-0.09939,184385,-0.0798,148038,-0.13633,252907,-0.11673,216560,-14213,-34776,-20563,-20861,-6648,-84454,-70241,-168427,-154214,0.00861
"4442","E02005571","North Norfolk 002",1961,7,23,40,0,13,1360,95,88,310,25,130.196,42.196,296.58801,-13.412,1334.97998,-25.02,107.874,19.874,305.28699,-4.713,1346.70105,-13.299,248.36501,160.36501,253.56599,-56.434,1269.98999,-90.01,382.30499,294.30499,222.57899,-87.421,1179.73706,-180.263,-0.04012,74440,-0.06188,114792,-0.02175,40352,-0.05632,104481,-0.01619,30041,-0.07555,140158,-0.03543,65718,-0.08616,159855,-0.04604,85415,-0.02711,50292,-0.04109,76217,-0.01398,25925,-0.03805,70585,-0.01094,20293,-0.0522,96835,-0.02509,46543,-0.0652,120951,-0.03809,70659,-18976,-29355,-10379,-26261,-7285,-50071,-31095,-97570,-78594,NA
"4448","E02005550","Great Yarmouth 013",2804,1,13,111,16,34,2042,161,134,188,104,276.328,142.328,176.54201,-11.458,1931.28699,-110.713,214.616,80.616,180.586,-7.414,1979.98499,-62.015,820.59399,686.59399,125.563,-62.437,1513.35095,-528.64899,949.70203,815.70203,120.226,-67.774,1408.31006,-633.69,-0.07794,144589,-0.16939,314249,-0.09145,169660,-0.11614,215463,-0.03821,70874,-0.41356,767255,-0.33562,622666,-0.37222,690558,-0.29428,545969,-0.04912,91118,-0.10745,199318,-0.05833,108200,-0.07306,135538,-0.02395,44420,-0.26637,494179,-0.21726,403061,-0.24238,449662,-0.19326,358544,-20848,-45371,-24523,-34077,-13229,-128414,-107566,-167846,-146998,0.00855
"4618","E02005540","Great Yarmouth 003",3500,3,24,251,15,39,2455,255,90,253,115,263.81201,173.812,235.181,-17.819,2333.0769,-121.923,122.359,32.359,251.431,-1.569,2430.59399,-24.406,931.08197,841.08197,157.342,-95.658,1872.91895,-582.08099,1111.526,1021.526,149.22099,-103.779,1735.93701,-719.06299,-0.08058,149491,-0.22644,420089,-0.14586,270598,-0.11223,208217,-0.03165,58726,-0.61723,1145131,-0.53665,995640,-0.53425,991185,-0.45368,841694,-0.05077,94185,-0.14349,266193,-0.09272,172008,-0.07015,130147,-0.01939,35962,-0.39886,739989,-0.34809,645804,-0.35118,651526,-0.30041,557341,-20707,-57781,-37074,-31176,-10469,-184417,-163710,-243708,-223001,0.00339
"4622","E02005535","Broadland 016",3475,3,59,271,9,37,2446,196,171,243,40,283.53,112.53,232.30901,-10.691,2365.24805,-80.753,277.99799,106.998,235.257,-7.743,2374.37012,-71.63,687.10999,516.10999,187.132,-55.868,2078.21997,-367.78,979.276,808.276,167.595,-75.405,1863.77002,-582.22998,-0.08063,149573,-0.13648,253170,-0.05585,103597,-0.12297,228126,-0.04234,78553,-0.26785,496913,-0.18723,347340,-0.29088,539638,-0.21026,390065,-0.05162,95771,-0.08644,160333,-0.03481,64562,-0.07827,145197,-0.02665,49426,-0.1731,321121,-0.12147,225350,-0.19153,355310,-0.13991,259539,-37042,-62658,-25616,-60085,-23043,-139902,-102860,-225303,-188261,0.01686
"4741","E02006907","Norwich 014",2805,2,82,224,3,24,1049,109,152,1131,29,228.011,76.011,1094.56006,-36.44,1022.08698,-26.913,205.72,53.72,1111.95203,-19.049,1024.61804,-24.382,551.61401,399.61401,897.47699,-233.52299,935.12598,-113.874,816.13501,664.13501,770.16998,-360.82999,840.87799,-208.12199,-0.0453,84027,-0.06149,114043,-0.01619,30016,-0.06041,112071,-0.01512,28044,-0.08846,164090,-0.04316,80063,-0.07213,133788,-0.02683,49761,-0.02831,52518,-0.03879,71929,-0.01047,19411,-0.03824,70929,-0.00992,18411,-0.06011,111495,-0.0318,58977,-0.05576,103427,-0.02745,50909,-19936,-28306,-8370,-27144,-7208,-49123,-29187,-81585,-61649,NA
"4761","E02005563","King's Lynn and West Norfolk 013",2920,3,32,59,8,36,2455,183,70,59,15,194.58299,124.583,55.341,-3.659,2347.93091,-107.069,96.546,26.546,58.431,-0.569,2431.55103,-23.449,613.78198,543.78198,41.831,-17.169,1988.76404,-466.23599,765.74597,695.74597,40.127,-18.873,1855.66895,-599.33099,-0.06032,111905,-0.15983,296505,-0.09951,184600,-0.086,159547,-0.02568,47642,-0.37698,699403,-0.31666,587498,-0.3767,698884,-0.31638,586979,-0.03568,66192,-0.09629,178635,-0.06061,112443,-0.04902,90931,-0.01334,24739,-0.23729,440225,-0.20161,374033,-0.24138,447815,-0.2057,381623,-22591,-59737,-37146,-35831,-13240,-163488,-140897,-240519,-217928,0.00059
"4807","E02005505","Breckland 003",2849,2,7,110,13,29,2009,160,91,407,21,186.896,95.896,380.64099,-26.359,1949.53699,-59.463,145.356,54.356,390.80099,-16.199,1976.38599,-32.614,539.72302,448.72299,273.646,-133.354,1738.50098,-270.49899,687.10199,596.10199,251.776,-155.224,1632.05896,-376.94101,-0.02504,46444,-0.0626,116113,-0.03756,69669,-0.04042,74991,-0.01539,28547,-0.11258,208838,-0.08754,162394,-0.13644,253105,-0.1114,206661,-0.01441,26721,-0.03443,63846,-0.02002,37125,-0.02398,44488,-0.00958,17767,-0.06879,127601,-0.05438,100880,-0.09427,174867,-0.07986,148146,-12922,-30685,-17763,-19886,-6964,-72538,-59616,-136630,-123708,0.00919
"4844","E02005569","King's Lynn and West Norfolk 019",3242,2,43,41,3,29,2746,161,66,134,17,150.132,84.132,126.994,-7.006,2676.26196,-69.738,68.709,2.709,133.87,-0.13,2743.677,-2.323,429.29901,363.29901,101.924,-32.076,2446.84106,-299.159,605.99799,539.99799,95.614,-38.386,2291.95703,-454.04401,-0.04065,75419,-0.11357,210701,-0.07292,135282,-0.04597,85287,-0.00532,9868,-0.2674,496090,-0.22674,420671,-0.30636,568386,-0.26571,492967,-0.02294,42562,-0.06534,121207,-0.04239,78645,-0.02525,46838,-0.00231,4276,-0.16425,304725,-0.14131,262163,-0.19656,364679,-0.17362,322117,-16651,-45568,-28917,-19409,-2758,-125929,-109278,-215839,-199188,0.00676
"4909","E02005539","Great Yarmouth 002",3067,5,24,90,10,28,2458,178,44,163,67,120.592,76.592,153.26401,-9.736,2399.78003,-58.221,70.242,26.242,157.786,-5.214,2439.54102,-18.459,359.88199,315.88199,114.314,-48.686,2225.59497,-232.405,537.29102,493.29099,106.086,-56.914,2078.63794,-379.362,-0.05622,104300,-0.16007,296946,-0.10385,192646,-0.07448,138163,-0.01825,33863,-0.31815,590247,-0.26193,485947,-0.40894,758678,-0.35272,654378,-0.03126,57985,-0.09055,167969,-0.05929,109984,-0.04218,78247,-0.01092,20262,-0.19738,366169,-0.16612,308184,-0.26647,494350,-0.23521,436365,-16210,-45606,-29396,-23401,-7191,-109597,-93387,-214554,-198344,0.00449
"4930","E02005602","South Norfolk 006",4286,7,44,287,9,63,3339,215,112,180,30,208.923,96.923,173.123,-6.877,3264.94604,-74.054,169.83701,57.837,175.91299,-4.087,3294.43799,-44.562,552.31,440.31,142.55099,-37.449,3009.39404,-329.60599,920.71301,808.71301,126.349,-53.651,2718.61499,-620.38501,-0.08005,148511,-0.15218,282295,-0.07212,133784,-0.12389,229841,-0.04384,81330,-0.31347,581550,-0.23342,433039,-0.39305,729204,-0.313,580693,-0.0516,95718,-0.0976,181033,-0.046,85315,-0.07994,148291,-0.02834,52573,-0.20401,378458,-0.15241,282740,-0.26093,484070,-0.20933,388352,-35445,-67607,-32162,-54843,-19398,-162065,-126620,-310044,-274599,0.01743
"4974","E02005598","South Norfolk 002",3350,6,48,221,7,34,2527,178,145,159,25,242.08501,97.085,151.623,-7.377,2453.33594,-73.664,237.99899,92.999,150.658,-8.342,2458.16797,-68.832,580.66901,435.66901,124.568,-34.432,2198.41504,-328.58499,846.823,701.823,112.338,-46.662,1990.5,-536.5,-0.0757,140427,-0.13178,244444,-0.05608,104017,-0.12834,238083,-0.05264,97656,-0.26096,484115,-0.18526,343688,-0.29492,547131,-0.21922,406704,-0.04606,85443,-0.0812,150609,-0.03514,65166,-0.07788,144469,-0.03182,59026,-0.16607,308076,-0.12001,222633,-0.19088,354098,-0.14482,268655,-34187,-59268,-25081,-57134,-22947,-133882,-99695,-225642,-191455,0.01271
"5005","E02005599","South Norfolk 003",2486,2,18,244,4,20,1832,120,120,111,15,205.215,85.215,104.309,-6.691,1767.90906,-64.091,176.362,56.362,110.468,-0.532,1791.73901,-40.261,468.50699,348.50699,81.609,-29.391,1569.48499,-262.51501,649.21198,529.21198,77.871,-33.129,1428.30103,-403.69901,-0.0714,132464,-0.12337,228859,-0.05197,96395,-0.11446,212335,-0.04305,79871,-0.22737,421806,-0.15597,289342,-0.2585,479568,-0.1871,347104,-0.0446,82743,-0.07711,143025,-0.03251,60282,-0.07193,133437,-0.02733,50694,-0.14491,268818,-0.10031,186075,-0.16682,309468,-0.12222,226725,-29146,-51384,-22238,-44411,-15265,-111087,-81941,-183129,-153983,0.00978
"5029","E02005517","Breckland 015",2514,2,18,96,26,17,1413,329,101,494,18,177.90601,76.906,469.24701,-24.753,1374.90503,-38.095,145.26801,44.268,477.73999,-16.26,1392.34497,-20.655,499.40601,398.40601,354.358,-139.642,1224.31006,-188.69,648.09198,547.09198,321.51001,-172.49001,1140.76599,-272.233,-0.02438,45230,-0.05043,93550,-0.02605,48320,-0.03399,63055,-0.00961,17825,-0.08059,149503,-0.05621,104273,-0.10312,191312,-0.07874,146082,-0.01548,28715,-0.02982,55300,-0.01434,26585,-0.02103,39004,-0.00555,10289,-0.05069,94035,-0.03521,65320,-0.07301,135442,-0.05753,106727,-10927,-21376,-10449,-14834,-3907,-43545,-32618,-87808,-76881,0.01467
"5061","E02005595","Norwich 012",3513,5,55,320,9,30,1983,174,437,482,18,595.70099,158.701,448.371,-33.629,1889.82703,-93.173,579.89502,142.895,450.88501,-31.115,1899.81201,-83.188,965.41699,528.41699,366.31201,-115.688,1670.44995,-312.54999,1221.87097,784.87097,329.285,-152.715,1504.36304,-478.63699,-0.12929,239862,-0.17779,329818,-0.0485,89956,-0.17233,319698,-0.04304,79836,-0.30116,558719,-0.17187,318857,-0.30333,562740,-0.17404,322878,-0.08654,160547,-0.11833,219498,-0.03179,58951,-0.11521,213722,-0.02867,53175,-0.20059,372111,-0.11405,211564,-0.20799,385844,-0.12145,225297,-59911,-82934,-23023,-81600,-21689,-130790,-70879,-187552,-127641,0.0142
"5084","E02005546","Great Yarmouth 009",3106,4,11,322,22,48,1820,241,205,372,61,379.33801,174.338,347.62299,-24.377,1712.67798,-107.322,307.94501,102.945,359.55801,-12.442,1755.06006,-64.94,1029.84595,824.84601,246.311,-125.689,1319.10999,-500.89001,1163.25696,958.25702,230.91,-141.09,1232.31494,-587.685,-0.08613,159787,-0.17073,316743,-0.08461,156956,-0.12092,224325,-0.03479,64538,-0.3923,727822,-0.30617,568035,-0.34022,631201,-0.2541,471414,-0.05623,104313,-0.11019,204425,-0.05397,100112,-0.07896,146485,-0.02273,42172,-0.25569,474366,-0.19946,370053,-0.22557,418478,-0.16934,314165,-21159,-41548,-20389,-32093,-10934,-109442,-88283,-138904,-117745,0.00861
"5135","E02005541","Great Yarmouth 004",2210,2,29,170,23,18,1214,189,114,404,47,252.10699,138.10699,370.466,-33.534,1136.77197,-77.228,157.017,43.017,392.47198,-11.528,1191.62805,-22.372,772.01898,658.01898,233.853,-170.147,853.13098,-360.86899,823.83398,709.83398,232.464,-171.536,813.78998,-400.20999,-0.0436,80888,-0.09447,175249,-0.05087,94361,-0.05336,98986,-0.00976,18098,-0.22134,410636,-0.17774,329748,-0.17669,327796,-0.13309,246908,-0.02911,53994,-0.06198,114963,-0.03287,60969,-0.03572,66267,-0.00662,12273,-0.14685,272426,-0.11774,218432,-0.12187,226079,-0.09276,172085,-11497,-25748,-14251,-15051,-3554,-72769,-61272,-91715,-80218,0.00301
"5176","E02005608","South Norfolk 012",2908,8,28,82,6,32,2374,138,118,104,18,175.927,57.927,99.446,-4.554,2325.78101,-48.219,158.522,40.522,101.846,-2.154,2339.8291,-34.171,276.237,158.237,87.21,-16.79,2245.57007,-128.42999,449.147,331.147,80.159,-23.841,2097.11108,-276.88901,-0.10207,189368,-0.15621,289778,-0.05414,100410,-0.15125,280589,-0.04917,91221,-0.18274,339001,-0.08066,149633,-0.26783,496867,-0.16575,307499,-0.05569,103316,-0.08421,156199,-0.02852,52883,-0.08158,151331,-0.02588,48015,-0.10474,194296,-0.04905,90980,-0.16493,305967,-0.10924,202651,-50200,-76335,-26135,-72755,-22555,-100045,-49845,-209697,-159497,0.00902
"5236","E02005561","King's Lynn and West Norfolk 011",4397,9,38,154,19,26,2340,569,364,820,58,571.53998,207.53999,764.45801,-55.542,2227.51904,-112.481,466.323,102.323,790.13202,-29.868,2287.43701,-52.563,1309.30396,945.30402,551.60999,-268.39001,1846.21204,-493.78799,1460.78894,1096.78894,530.59003,-289.41,1746.16296,-593.83698,-0.10346,191943,-0.1572,291626,-0.05373,99683,-0.13341,247501,-0.02995,55558,-0.24378,452278,-0.14032,260335,-0.2367,439138,-0.13324,247195,-0.06432,119329,-0.09762,181087,-0.03329,61758,-0.08246,152975,-0.01814,33646,-0.15676,290814,-0.09243,171485,-0.15814,293376,-0.09381,174047,-41178,-61772,-20594,-56698,-15520,-106611,-65433,-148905,-107727,0.00213
"5352","E02005573","North Norfolk 004",1519,10,11,57,0,12,956,96,74,287,16,118.924,44.924,271.52399,-15.476,931.37097,-24.629,121.959,47.959,267.79901,-19.201,931.87097,-24.129,273.172,199.172,216.442,-70.558,848.466,-107.534,379.90201,305.90201,190.35699,-96.643,781.75403,-174.246,-0.0177,32832,-0.03379,62688,-0.0161,29856,-0.02668,49498,-0.00898,16666,-0.05448,101061,-0.03678,68229,-0.05408,100324,-0.03638,67492,-0.01276,23669,-0.02349,43567,-0.01073,19898,-0.01928,35767,-0.00652,12098,-0.03878,71946,-0.02602,48277,-0.04276,79319,-0.03,55650,-9825,-17213,-7388,-15887,-6062,-37598,-27773,-65990,-56165,0.01565
"5373","E02005548","Great Yarmouth 011",2500,0,5,200,19,39,1425,201,181,387,43,305.349,124.349,364.97601,-22.024,1349.349,-75.651,256.18399,75.184,363.48199,-23.518,1386.21899,-38.781,761.23199,580.23199,271.88699,-115.113,1081.26099,-343.73901,883.935,702.935,257.24899,-129.75101,1000.711,-424.289,-0.08116,150559,-0.15091,279964,-0.06976,129405,-0.09796,181731,-0.0168,31172,-0.32666,606024,-0.2455,455465,-0.28298,524989,-0.20182,374430,-0.0536,99446,-0.09915,183929,-0.04554,84483,-0.06483,120274,-0.01123,20828,-0.21555,399897,-0.16195,300451,-0.19167,355580,-0.13806,256134,-20440,-37755,-17315,-26180,-5740,-93431,-72991,-121692,-101252,0.00716
"5468","E02005537","Broadland 018",2473,3,80,70,5,28,1917,120,58,162,30,105.797,47.797,153.21899,-8.781,1882.44104,-34.559,75.075,17.075,161.67599,-0.324,1902.724,-14.276,220.688,162.688,120.962,-41.038,1806.23804,-110.762,349.65302,291.65302,110.619,-51.381,1704.78601,-212.214,-0.0586,108720,-0.09965,184848,-0.04105,76128,-0.07958,147635,-0.02098,38915,-0.12282,227839,-0.06421,119119,-0.18,333922,-0.12139,225202,-0.03004,55722,-0.05104,94664,-0.021,38942,-0.04115,76338,-0.01111,20616,-0.06921,128382,-0.03918,72660,-0.11164,207104,-0.0816,151382,-29462,-50746,-21284,-42420,-12958,-77512,-48050,-161899,-132437,0.00521
"5529","E02003743","Fenland 002",4207,3,10,118,26,35,2472,490,267,744,42,510.14001,243.14,683.784,-60.216,2330.16089,-141.839,361.138,94.138,717.86298,-26.137,2418.8291,-53.171,1371.91394,1104.91394,459.30499,-284.69501,1838.10303,-633.89697,1474.61804,1207.61804,451.29901,-292.70099,1764.35205,-707.64801,-0.08087,150021,-0.15182,281649,-0.07096,131628,-0.10321,191480,-0.02235,41459,-0.28247,524046,-0.2016,374025,-0.25168,466921,-0.17081,316900,-0.04843,89840,-0.09159,169893,-0.04316,80053,-0.06198,114980,-0.01355,25140,-0.18144,336616,-0.13302,246776,-0.1715,318161,-0.12307,228321,-28651,-53875,-25224,-37396,-8745,-119041,-90390,-162639,-133988,0.00142
"5577","E02005559","King's Lynn and West Norfolk 009",3078,4,37,96,8,19,1812,245,355,488,14,530.81403,175.814,448.49399,-39.506,1700.48401,-111.516,467.23599,112.236,463.37201,-24.628,1741.38306,-70.617,1043.63501,688.63501,326.86099,-161.13901,1379.90002,-432.10001,1143.974,788.974,313.32501,-174.675,1307.22095,-504.77899,-0.08375,155380,-0.12504,231961,-0.04128,76581,-0.10799,200334,-0.02423,44954,-0.19043,353284,-0.10667,197904,-0.17671,327823,-0.09295,172443,-0.05176,96015,-0.0774,143578,-0.02564,47563,-0.06586,122169,-0.0141,26154,-0.12218,226659,-0.07042,130644,-0.11818,219244,-0.06642,123229,-35448,-53171,-17723,-49282,-13834,-91579,-56131,-121801,-86353,0.00526
"5595","E02005568","King's Lynn and West Norfolk 018",2893,8,82,45,5,19,2412,156,58,99,9,124.152,66.152,95.2,-3.8,2355.80298,-56.197,66.541,8.541,98.826,-0.174,2404.46997,-7.53,333.88699,275.88699,80.984,-18.016,2179.69702,-232.30299,494.62,436.62,75.77,-23.23,2039.78296,-372.21701,-0.04479,83090,-0.11123,206344,-0.06644,123254,-0.05395,100089,-0.00916,16999,-0.22252,412831,-0.17773,329741,-0.27987,519223,-0.23508,436133,-0.02754,51097,-0.06355,117889,-0.03601,66792,-0.03242,60150,-0.00488,9053,-0.13431,249175,-0.10677,198078,-0.18225,338104,-0.1547,287007,-17529,-43281,-25752,-22138,-4609,-101378,-83849,-193840,-176311,NA
"5619","E02005558","King's Lynn and West Norfolk 008",2855,3,17,98,3,37,2312,154,94,111,26,216.677,122.677,102.868,-8.132,2212.96802,-99.032,119.576,25.576,109.778,-1.222,2291.27295,-20.727,616.745,522.745,78.385,-32.615,1888.953,-423.047,796.06799,702.06799,74.51,-36.49,1736.18701,-575.81299,-0.08199,152111,-0.19018,352818,-0.10819,200707,-0.1047,194238,-0.02271,42127,-0.45701,847886,-0.37502,695775,-0.42331,785363,-0.34132,633252,-0.04547,84361,-0.11378,211075,-0.0683,126714,-0.05906,109558,-0.01358,25197,-0.28774,533835,-0.24227,449474,-0.26929,499607,-0.22382,415246,-31590,-71941,-40351,-42440,-10850,-198194,-166604,-272846,-241256,0.00164
"5776","E02005581","North Norfolk 012",3030,7,38,44,6,46,2481,161,84,127,36,154.46001,70.46,120.453,-6.547,2424.45996,-56.54,93.207,9.207,126.976,-0.024,2472.44604,-8.554,360.867,276.867,97.235,-29.765,2262.34204,-218.658,552.14502,468.14499,90.906,-36.094,2096.84497,-384.155,-0.07577,140573,-0.15342,284610,-0.07765,144037,-0.08909,165275,-0.01332,24702,-0.23427,434609,-0.15849,294036,-0.30552,566809,-0.22975,426236,-0.0459,85149,-0.0895,166018,-0.0436,80869,-0.05329,98862,-0.00739,13713,-0.14256,264471,-0.09666,179322,-0.19639,364327,-0.15049,279178,-26619,-53542,-26923,-31895,-5276,-109691,-83072,-216373,-189754,0.00492
"5846","E02005576","North Norfolk 007",2162,1,24,62,10,24,1721,95,51,148,26,100.678,49.678,141.73,-6.27,1682.40198,-38.598,93.67,42.67,141.467,-6.533,1688.64502,-32.355,279.06699,228.067,116.52,-31.48,1546.15002,-174.85001,424.73599,373.73599,105.895,-42.105,1427.51294,-293.487,-0.03575,66330,-0.07856,145736,-0.0428,79406,-0.06505,120686,-0.0293,54356,-0.14734,273349,-0.11159,207019,-0.17188,318866,-0.13612,252536,-0.02242,41598,-0.0483,89605,-0.02588,48007,-0.04063,75378,-0.01821,33780,-0.09434,175014,-0.07192,133416,-0.11486,213082,-0.09243,171484,-13094,-28403,-15309,-25212,-12118,-72582,-59488,-132432,-119338,0.01462
"5870","E02005577","North Norfolk 008",2321,5,14,52,3,21,1897,143,48,120,18,85.991,37.991,115.864,-4.136,1866.93994,-30.06,64.242,16.242,119.117,-0.883,1883.375,-13.625,189.05901,141.05901,102.29,-17.71,1787.77795,-109.222,329.879,281.879,94.256,-25.744,1669.04004,-227.96001,-0.04013,74451,-0.08541,158449,-0.04528,83998,-0.0625,115952,-0.02237,41501,-0.13323,247160,-0.0931,172709,-0.18865,349988,-0.14852,275537,-0.02425,44980,-0.05047,93619,-0.02622,48639,-0.03732,69235,-0.01307,24255,-0.08327,154470,-0.05902,109490,-0.1244,230774,-0.10015,185794,-14675,-30803,-16128,-23314,-8639,-65082,-50407,-142052,-127377,NA
"5997","E02005560","King's Lynn and West Norfolk 010",3981,4,28,221,21,30,2355,338,348,620,16,557.60602,209.606,578.05603,-41.944,2227.01709,-127.983,463.67801,115.678,597.237,-22.763,2284.23193,-70.768,1256.84497,908.84497,410.289,-209.711,1824.36206,-530.638,1428.91797,1080.91797,389.09299,-230.907,1706.21704,-648.78302,-0.16113,298935,-0.23675,439229,-0.07563,140294,-0.19728,366007,-0.03615,67072,-0.37965,704356,-0.21853,405421,-0.35349,655823,-0.19236,356888,-0.1,185525,-0.14698,272672,-0.04698,87147,-0.12283,227876,-0.02283,42351,-0.24133,447726,-0.14133,262201,-0.22965,426053,-0.12965,240528,-61627,-89718,-28091,-79870,-18243,-157623,-95996,-200758,-139131,0.00516
"6008","E02005610","South Norfolk 014",3254,8,86,48,8,41,2730,164,67,84,18,142.89101,75.891,79.746,-4.254,2665.82495,-64.175,88.913,21.913,83.405,-0.595,2710.86304,-19.137,387.71201,320.71201,63.618,-20.382,2460.87402,-269.12601,581.052,514.052,58.262,-25.738,2292.10791,-437.892,-0.05599,103877,-0.11646,216057,-0.06047,112180,-0.08985,166691,-0.03386,62814,-0.22117,410314,-0.16517,306437,-0.26822,497602,-0.21222,393725,-0.03103,57570,-0.06565,121789,-0.03462,64219,-0.04718,87521,-0.01615,29951,-0.13565,251654,-0.10462,194084,-0.16923,313952,-0.1382,256382,-26238,-55084,-28846,-42156,-15918,-124056,-97818,-225314,-199076,0.00948
"6026","E02005574","North Norfolk 005",2395,6,40,67,9,15,1864,181,48,136,29,102.548,54.548,131.3,-4.7,1822.30103,-41.699,73.321,25.321,133.032,-2.968,1845.43896,-18.561,351.008,303.008,109.101,-26.899,1634.89697,-229.103,514.37097,466.371,98.579,-37.421,1505.71802,-358.28201,-0.03133,58128,-0.06852,127117,-0.03719,68989,-0.04294,79663,-0.01161,21535,-0.14747,273582,-0.11613,215454,-0.16571,307428,-0.13438,249300,-0.01907,35379,-0.04276,79311,-0.02368,43932,-0.02649,49129,-0.00741,13750,-0.09545,177076,-0.07638,141697,-0.10976,203632,-0.09069,168253,-10848,-23625,-12777,-15457,-4609,-69066,-58218,-117849,-107001,0.0144
"6047","E02005551","King's Lynn and West Norfolk 001",1527,3,15,55,2,11,948,67,42,373,11,90.963,48.963,352.28601,-20.714,923.89801,-24.102,65.766,23.766,363.42999,-9.57,936.21802,-11.782,289.95499,247.955,260.52802,-112.472,832.68103,-115.319,382.38901,340.38901,232.036,-140.964,778.341,-169.659,-0.02629,48780,-0.03943,73142,-0.01313,24362,-0.03124,57959,-0.00495,9179,-0.04562,84632,-0.01933,35852,-0.03662,67936,-0.01033,19156,-0.01308,24271,-0.02039,37824,-0.00731,13553,-0.01612,29909,-0.00304,5638,-0.02858,53019,-0.0155,28748,-0.02747,50955,-0.01438,26684,-12790,-21135,-8345,-16807,-4017,-40455,-27665,-68498,-55708,0.0115
"6232","E02005552","King's Lynn and West Norfolk 002",2387,26,47,38,5,26,1871,128,63,168,15,109.909,46.909,161.409,-6.591,1835.51196,-35.488,82.709,19.709,164.748,-3.252,1856.51599,-14.484,252.854,189.854,136.40199,-31.598,1732.56006,-138.44,395.569,332.569,122.56,-45.44,1618.11401,-252.886,-0.04321,80158,-0.08278,153575,-0.03957,73417,-0.05262,97630,-0.00942,17472,-0.13455,249616,-0.09134,169458,-0.17428,323336,-0.13107,243178,-0.02505,46466,-0.04646,86190,-0.02142,39724,-0.03091,57344,-0.00586,10878,-0.08226,152614,-0.05722,106148,-0.11213,208024,-0.08708,161558,-17641,-33975,-16334,-23043,-5402,-66237,-48596,-136025,-118384,NA
"6299","E02005510","Breckland 008",2433,1,11,53,9,26,2032,134,50,103,14,93.09,43.09,98.055,-4.945,1998.73999,-33.26,62.68,12.68,101.299,-1.701,2022.54004,-9.46,207.576,157.576,82.655,-20.345,1913.29504,-118.705,335.73901,285.73901,76.104,-26.896,1805.88599,-226.114,-0.03383,62759,-0.07558,140206,-0.04175,77447,-0.04665,86536,-0.01282,23777,-0.13824,256467,-0.10441,193708,-0.17915,332368,-0.14532,269609,-0.02038,37806,-0.04506,83577,-0.02468,45771,-0.02758,51163,-0.0072,13357,-0.08706,161506,-0.06668,123700,-0.11744,217865,-0.09706,180059,-15193,-33149,-17956,-20000,-4807,-72115,-56922,-142614,-127421,0.0091
"6300","E02005566","King's Lynn and West Norfolk 016",3622,2,88,44,7,40,2996,215,71,140,19,182.89301,111.893,131.689,-8.311,2903.30811,-92.692,87.955,16.955,138.952,-1.048,2981.66309,-14.337,518.10797,447.108,104.193,-35.807,2627.552,-368.448,711.14398,640.14398,98.719,-41.281,2459.63599,-536.36401,-0.06899,127999,-0.17938,332783,-0.11038,204784,-0.08701,161423,-0.01802,33424,-0.38595,716041,-0.31696,588042,-0.41023,761086,-0.34124,633087,-0.03798,70449,-0.10332,191658,-0.06534,121209,-0.04795,88949,-0.00998,18500,-0.23969,444678,-0.20171,374229,-0.26582,493154,-0.22784,422705,-27004,-70034,-43030,-36182,-9178,-175864,-148860,-284242,-257238,NA
"6420","E02005516","Breckland 014",2623,7,47,17,6,28,2182,143,48,123,22,96.531,48.531,117.667,-5.333,2144.13794,-37.862,55.537,7.537,122.812,-0.188,2175.41504,-6.585,245.54401,197.54401,97.319,-25.681,2032.56396,-149.436,385.151,337.151,89.358,-33.642,1915.07605,-266.92401,-0.03436,63746,-0.07707,142963,-0.04271,79217,-0.04643,86141,-0.01207,22395,-0.14273,264787,-0.10837,201041,-0.18884,350332,-0.15448,286586,-0.02174,40337,-0.04693,87058,-0.02519,46721,-0.02961,54936,-0.00787,14599,-0.09037,167638,-0.06862,127301,-0.12503,231942,-0.10328,191605,-15037,-33724,-18687,-19484,-4447,-75974,-60937,-152985,-137948,NA
"6469","E02005584","Norwich 001",5006,6,35,408,29,73,2798,313,417,894,33,624.02899,207.02901,845.22498,-48.775,2680.23096,-117.769,617.97998,200.98,854.96503,-39.035,2680.06299,-117.937,1344.56006,927.56,652.03802,-241.96201,2286.31494,-511.685,1703.76904,1286.76904,592.32098,-301.67899,2064.80396,-733.19598,-0.13545,251285,-0.19324,358487,-0.0578,107202,-0.20963,388896,-0.07418,137611,-0.37104,688357,-0.23559,437072,-0.3743,694411,-0.23885,443126,-0.08425,156300,-0.12127,224941,-0.03701,68641,-0.13012,241376,-0.04587,85076,-0.24053,446220,-0.15628,289920,-0.24856,461115,-0.1643,304815,-61602,-88164,-26562,-96968,-35366,-155464,-93862,-227381,-165779,0.01503
"6508","E02005597","South Norfolk 001",5732,8,35,494,21,120,4165,344,271,243,31,464.76001,193.75999,231.765,-11.235,4024.90308,-140.097,456.90799,185.908,226.85899,-16.141,4035.98389,-129.01601,1168.99597,897.99597,184.98801,-58.012,3521.64697,-643.35303,1653.85095,1382.85095,166.603,-76.397,3156.94092,-1008.05902,-0.14608,271009,-0.25593,474791,-0.10985,203782,-0.23367,433502,-0.08759,162493,-0.52203,968499,-0.37595,697490,-0.5545,1028723,-0.40842,757714,-0.09156,169856,-0.16109,298830,-0.06953,128974,-0.14665,272061,-0.0551,102205,-0.3341,619821,-0.24254,449965,-0.35883,665698,-0.26727,495842,-61358,-105910,-44552,-95461,-34103,-243887,-182529,-383460,-322102,0.01401
"6525","E02005529","Broadland 010",2497,3,6,219,7,44,1702,137,161,208,10,277.17599,116.176,194.076,-13.924,1622.14697,-79.853,241.569,80.569,201.117,-6.883,1648.65503,-53.345,693.07599,532.07599,135.334,-72.666,1338.80298,-363.19699,868.151,707.151,126.508,-81.492,1209.18201,-492.81799,-0.06999,129848,-0.11642,215954,-0.04642,86106,-0.0998,185132,-0.0298,55284,-0.22876,424392,-0.15877,294544,-0.22439,416276,-0.1544,286428,-0.04433,82232,-0.07393,137125,-0.0296,54893,-0.0631,117046,-0.01877,34814,-0.14747,273570,-0.10314,191338,-0.14615,271124,-0.10182,188892,-30684,-51311,-20627,-46589,-15905,-115711,-85027,-163580,-132896,0.01189
"6653","E02005543","Great Yarmouth 006",2644,1,18,322,23,20,1059,289,126,723,63,271.491,145.491,664.638,-58.362,1000.31598,-58.684,182.31,56.31,700.97302,-22.027,1034.55103,-24.449,846.05603,720.05603,419.92499,-303.07501,781.86298,-277.13699,891.021,765.021,417.98499,-305.01501,752.79401,-306.20599,-0.03952,73324,-0.07143,132498,-0.0319,59174,-0.05358,99396,-0.01405,26072,-0.13935,258518,-0.09983,185194,-0.09096,168743,-0.05144,95419,-0.02726,50565,-0.04878,90471,-0.02152,39906,-0.0385,71417,-0.01124,20852,-0.09837,182487,-0.07111,131922,-0.07205,133659,-0.04479,83094,-12496,-22899,-10403,-18697,-6201,-55430,-42934,-69313,-56817,0.00405
"6753","E02005512","Breckland 010",3323,4,32,34,3,35,2755,202,57,178,23,134.75999,77.76,168.918,-9.082,2694.12402,-60.876,75.688,18.688,175.19701,-2.803,2741.19189,-13.808,388.267,331.267,134.481,-43.519,2500.91089,-254.089,548.26202,491.26199,124.938,-53.062,2365.40991,-389.59,-0.03362,62364,-0.09101,168836,-0.0574,106472,-0.04488,83258,-0.01126,20894,-0.18315,339778,-0.14953,277414,-0.22775,422526,-0.19413,360162,-0.02,37100,-0.05252,97418,-0.03252,60318,-0.02608,48383,-0.00608,11283,-0.11312,209857,-0.09312,172757,-0.15144,280952,-0.13144,243852,-14647,-40147,-25500,-18984,-4337,-99920,-85273,-190704,-176057,NA
"6771","E02005527","Broadland 008",3429,2,37,203,5,45,2755,163,75,113,31,192.539,117.539,107.379,-5.621,2659.45898,-95.541,130.07899,55.079,110.456,-2.544,2712.55591,-42.444,634.05499,559.05499,83.816,-29.184,2301.5769,-453.423,899.02301,824.02301,78.679,-34.321,2084.51392,-670.48602,-0.05075,94143,-0.12704,235662,-0.07629,141519,-0.07664,142164,-0.02589,48021,-0.32199,597344,-0.27124,503201,-0.34256,635525,-0.29182,541382,-0.03102,57547,-0.07826,145145,-0.04723,87598,-0.04717,87492,-0.01615,29945,-0.20501,380314,-0.17399,322767,-0.22405,415650,-0.19303,358103,-23268,-59423,-36155,-38097,-14829,-176403,-153135,-287518,-264250,0.00975
"6787","E02005587","Norwich 004",3821,5,54,330,28,64,2157,287,265,615,16,410.31699,145.317,584.58197,-30.418,2072.63403,-84.366,400.51099,135.511,589.39001,-25.61,2082.92407,-74.076,949.56299,684.56299,456.12701,-158.873,1771.52002,-385.48001,1279.92004,1014.91998,403.168,-211.832,1572.52795,-584.47198,-0.10094,187264,-0.14655,271850,-0.04561,84586,-0.15083,279804,-0.04989,92540,-0.30887,573001,-0.20792,385737,-0.3053,566394,-0.20436,379130,-0.06192,114863,-0.09135,169440,-0.02943,54577,-0.09441,175131,-0.03249,60268,-0.20072,372358,-0.1388,257495,-0.2048,379926,-0.14288,265063,-44058,-64721,-20663,-66454,-22396,-125491,-81433,-185276,-141218,0.01982
